======================================================================================
Méthode: Algorithme Génétique
Fichier: C:\Users\Benjamin\Documents\deilyfaeouvouaeyvroaevrfoea\I_100_5_S_1-124_1.txt
Date: 26/04/2018 00:20:11
======================================================================================

Résultat algorithme génétique
    Meilleure solution trouvée
    [68, 88, 75, 11, 59, 57, 37, 5, 66, 20, 2, 16, 74, 7, 58, 48, 99, 14, 85, 13, 79, 81, 0, 28, 62, 96, 3, 91, 50, 55, 69, 97, 40, 60, 98, 43, 84, 39, 42, 45, 22, 26, 24, 25, 8, 67, 33, 82, 17, 38, 4, 52, 12, 47, 9, 76, 86, 73, 34, 89, 31, 87, 46, 56, 36, 93, 41, 65, 10, 83, 21, 80, 71, 61, 94, 18, 23, 19, 70, 29, 27, 35, 44, 6, 54, 49, 51, 32, 77, 53, 78, 30, 1, 63, 95, 64, 72, 92, 90, 15]
    Makespan : 10130
